Sites	478.0	490.0	511.0
1	0.0	0.0	0.0
2	0.0	0.0	0.0
3	0.0	0.0	0.0
4	0.0	0.0	0.0
5	0.0	0.0	0.0
6	0.0	0.0	0.0
7	0.0	0.0	0.0
8	0.0	0.0	0.0
9	0.0171872506388	5.26723950986e-05	3.95185889368e-09
10	0.739422301389	0.0313116132609	2.54212367007e-08
11	0.686594095134	0.00163356260922	1.33000736796e-06
12	0.0135824147055	5.73441704753e-06	1.04861654376e-11
13	0.0172569788975	0.000477912225558	1.32263648143e-13
14	0.0396931027004	0.00577675633412	1.94507363685e-11
15	0.0161996466693	0.00202236683835	5.2371146799e-10
16	0.038724219968	0.00017997993009	3.53646866471e-09
17	0.023561143483	0.000622318860264	8.03074192365e-12
18	0.0106405038046	1.82962767823e-06	2.69344386157e-13
19	0.294661232964	0.00117285586613	5.48989783338e-07
20	0.0179239707412	6.6600791365e-06	1.69744331892e-16
21	0.907174488694	0.00024967228527	1.05007968725e-11
22	0.0299085310989	0.000591595856391	1.28228038543e-10
23	0.0169659039587	1.17818612447e-06	3.4436403049e-14
24	0.0179129944826	6.67616304166e-06	8.10017105715e-18
25	0.0102473341026	1.22392515132e-07	5.1932244099e-12
26	0.578800116031	0.0611281565637	1.15904426739e-06
27	0.0131408473382	1.28579770179e-06	1.49296629952e-15
28	0.54418921233	1.48173990745e-05	4.95569603056e-11
29	0.0273958385917	0.000118310937035	5.82267837992e-09
30	0.519290117614	0.0321479405316	0.000207974912478
31	0.0186265402665	6.26405275216e-06	2.51316559752e-15
32	0.0192395961662	1.12801730905e-05	2.53173469109e-09
33	0.0179239707412	6.6600791365e-06	1.69744331892e-16
34	0.212546744691	0.0393144031588	2.01067675172e-08
35	0.0179359291493	6.67062097696e-06	3.86157629011e-16
36	0.0255580065047	0.0112620262973	4.1604100778e-11
37	0.00914261021947	1.06223493524e-07	1.75766599073e-19
38	0.149788130944	0.00223575125133	9.45995705303e-09
39	0.0181248187873	0.000507870192362	4.24473532681e-11
40	0.0179239707412	6.6600791365e-06	1.69744331892e-16
41	0.0309096448546	0.00676493004314	1.56443090113e-08
42	0.267258717025	0.479645801395	3.6521028222e-14
43	0.0358519629956	2.58019909763e-05	1.38515967606e-05
44	0.131221292334	0.0994449247985	0.00555847413168
45	0.917080928383	0.306423188685	9.25598922121e-07
46	0.0292974799673	9.8562601636e-05	3.9133549639e-12
47	0.44869175176	0.98406193673	2.55557491784e-08
48	0.0405053862257	0.000538601306139	2.90397136202e-16
49	0.0283656392743	1.61721679428e-05	1.52765717069e-10
50	0.0277966751956	0.00025423111612	3.48487797559e-10
51	0.0179770667847	6.69656342035e-06	6.45316672454e-15
52	0.0256816275521	0.000289841221452	2.60804450607e-10
53	0.0290807391746	1.06938453387e-05	8.13153317014e-14
54	0.00885105904477	8.80047969992e-06	2.38009420419e-21
55	0.0131480645275	1.29997119951e-06	1.28134425034e-14
56	0.0605714865728	0.00399833511038	1.38053344991e-07
57	0.0142022400709	6.92321527047e-06	1.59647474173e-16
58	0.026370349992	0.00021463467592	1.23347763015e-12
59	0.0297851479378	0.000156575614276	2.37518866583e-12
60	0.0295110919399	1.19233864853e-05	8.29454003894e-14
61	0.0295765186746	0.00902853059254	9.20737572859e-10
62	0.167953304198	0.00185294293882	4.35244213408e-10
63	0.0507282656169	2.99179791677e-05	1.03137338926e-07
64	0.0357632100882	0.0319963632763	7.046185526e-10
65	0.0224053193945	0.0456304228262	7.96605062544e-05
66	0.011556400766	3.04840598537e-06	4.16139853785e-14
67	0.0179239707412	6.6600791365e-06	1.69744331892e-16
68	0.0239374137304	0.00103834750228	1.56704691024e-13
69	0.0148401160769	6.91822653163e-06	1.40767832796e-12
70	0.364447066533	0.120968565721	1.40725033211e-10
71	0.0133457946577	0.000405303603	1.20608582717e-15
72	0.0332428480927	0.00112730083096	5.38147073262e-06
73	0.031041029311	0.0437017162286	1.95841670545e-06
74	0.0116243508993	0.00014481409886	1.00402614583e-11
75	0.00904941966351	1.02911163084e-07	7.99062741244e-24
76	0.196692835713	0.129374817166	0.0040322099431
77	0.0224200432562	0.00109101228852	3.38158560848e-07
78	0.0279755001678	0.000139266629648	1.45481580728e-09
79	0.0614618736748	0.00969126468241	2.92897075777e-11
80	0.0	0.0	0.0
81	0.0	0.0	0.0
82	0.0177583827032	1.31114414615e-05	7.80668196525e-13
83	0.0120068815396	3.5508659805e-06	2.34930728945e-13
84	0.0131820033311	0.000147439949615	8.36298571145e-12
85	0.0162542072479	1.62022669632e-06	5.14528756628e-15
86	0.0193971879271	3.66993785084e-06	2.97949511374e-15
87	0.0397595282178	0.000268899982927	1.950993382e-07
88	0.0264605099391	0.000706443473497	5.18312003788e-12
89	0.00876481163871	9.40726288749e-08	7.23384845806e-23
90	0.0194173360271	5.64956047187e-05	1.46643208629e-09
91	0.0181100877593	6.5742707182e-06	6.67791418451e-16
92	0.0125320379573	0.000250957504218	5.3531415445e-14
93	0.0306254489064	1.62582390656e-05	2.51970172889e-09
94	0.00452138955723	1.42820978771e-05	3.34726298145e-19
95	0.018134938768	1.7218245313e-06	7.94566929282e-10
96	0.0138968240409	4.16168388546e-07	1.0511064776e-17
97	0.0458497437745	0.0014123276376	2.85966982061e-07
98	0.0108110068456	5.22807802428e-06	1.27272741554e-10
99	0.0302878735229	0.00136568550675	1.30634803079e-09
100	0.0396672153575	4.34320245637e-05	2.5480669079e-14
101	0.0179196612163	1.62817211478e-06	2.66638591832e-15
102	0.017757720941	1.31012182822e-05	1.65913542371e-13
103	0.126177368087	2.59304592295e-05	5.38634539925e-14
104	0.0188770257586	3.1766089023e-05	2.8351156488e-15
105	0.297655904725	0.12768256754	0.000193851771211
106	0.00660963534012	0.00293023644947	2.15662517777e-18
107	0.250764016835	0.157196071047	5.63146588173e-09
108	0.44386398081	0.499645994015	0.000421251163364
109	0.23930287189	0.0279745713883	4.54852896968e-08
110	0.0524754863266	0.000123781686849	2.66030637429e-08
111	0.0200066141862	0.000373908654321	1.14161449445e-06
112	0.0290347019534	0.00154586725436	1.59298296064e-08
113	0.661797944053	0.00128429983891	1.40336849894e-08
114	0.150315372561	0.000217620866453	6.51885945902e-13
115	0.0273190527378	0.00264478599643	5.61075873796e-07
116	0.0179342623633	0.000311005792648	4.71720465403e-13
117	0.0198171201533	1.03861048903e-05	2.87017042338e-13
118	0.00608802751436	6.09334580985e-05	5.48801752849e-17
119	0.0383570540668	0.00105592686856	9.95799744453e-11
120	0.450475961937	0.605355888947	3.43628193719e-08
121	0.0294334938229	0.000766933425906	4.61426297118e-14
122	0.0709914385301	0.104132060844	1.62491534798e-07
123	0.0402952466356	7.89408053491e-05	5.35675230927e-12
124	0.0167705608735	5.51303612969e-06	4.01931811621e-09
125	0.194126697224	0.00425890758827	1.6109410323e-08
126	0.593464045644	0.00526581076251	5.61716189793e-07
127	0.0188565099632	6.11363547182e-06	9.39298495819e-16
128	0.0445569280513	0.00437313847164	3.84903706273e-07
129	0.0169815119339	1.16139077718e-06	7.71934682986e-15
130	0.0131421442086	1.28737200762e-06	5.45958905746e-16
131	0.009400207965	1.17573378355e-07	7.39781243139e-23
132	0.715812365404	0.00154510591856	9.8098636127e-08
133	0.183467375357	0.000273610029237	9.26576559853e-12
134	0.0183646068275	6.92730747841e-06	6.30177669355e-15
135	0.0092863744001	1.04112500662e-07	9.3727833458e-23
136	0.0298853747967	1.81726216849e-05	9.63095736545e-11
137	0.0110691478668	2.70709391444e-05	5.60555275609e-12
138	0.0183024859472	5.19884687337e-05	2.5863856227e-16
139	0.016706782111	4.06865073906e-06	2.89972453993e-10
140	0.016201554956	6.98577494017e-07	6.63184134265e-14
141	0.0271904481809	2.04178874043e-05	1.48733732547e-15
142	0.0558578811284	0.000327301711872	1.43234290853e-10
143	0.0	0.0	0.0
144	0.0220392317822	2.53005041167e-05	8.6243594059e-13
145	0.00474227170078	1.89321323092e-07	3.04319857031e-18
146	0.0179245980646	0.000118706347981	3.58928438171e-12
147	0.00913544642597	9.78314107883e-08	4.76744610572e-19
148	0.0299143415506	2.19733540229e-05	1.51869276193e-17
149	0.0272062973581	5.39036539814e-05	2.41596445104e-09
150	0.0180279141102	2.3845645376e-06	1.39317188604e-13
151	0.669781141544	0.0167274306961	4.95102900804e-13
152	0.0107355998476	1.78614788981e-05	4.50321445132e-11
153	0.0155241207612	2.19810348153e-05	6.31240933368e-12
154	0.0539600697467	0.000409376122935	7.05126006049e-13
155	0.0	0.0	0.0
156	0.0	0.0	0.0
157	0.0205987947335	1.87270049458e-05	0.000107445559231
158	0.0177983348636	5.00223413351e-05	2.29323468649e-10
159	0.0179130365167	6.66613596105e-06	3.08418155817e-14
160	0.0477976705607	0.047550205801	9.02135441306e-17
161	0.0291191073732	2.33827377867e-05	3.03544085558e-11
162	0.833334311569	0.0491058283236	6.65948727319e-08
163	0.0213620080343	8.05906337655e-06	6.54787453681e-16
164	0.157452106159	0.00340625550272	8.47598927704e-06
165	0.0596847148144	0.0494385225948	1.12450595369e-10
166	0.401914234388	0.0090405575115	1.86250898758e-06
167	0.638087392823	0.988375874497	2.36111791445e-11
168	0.567426937385	0.00428159313928	4.19082747772e-12
169	0.0606853899361	0.0022142997528	9.36081755835e-16
170	0.0501754957047	0.00427373366675	2.26061190715e-11
171	0.0293049232932	0.000535070067875	7.91900849195e-08
172	0.0289584862694	0.000468411513721	4.33612653866e-05
173	0.0179206662273	3.01181050263e-05	8.8801905535e-13
174	0.216540841188	9.64588542523e-06	5.42274480413e-15
175	0.655059750263	0.000260801270714	2.70230271096e-10
176	0.0102423746117	2.20703198451e-06	7.59887520017e-15
177	0.213967646427	0.00308167145898	9.27834251867e-10
178	0.0216930589457	0.00161555223527	1.21694340707e-13
179	0.00508543599677	3.63414669228e-09	2.55688009983e-20
180	0.621496952773	0.000864551750281	1.74376423551e-10
181	0.0307204254054	0.00334574791402	1.03119288782e-09
182	0.0326441459937	0.000154047080812	4.09372105524e-10
183	0.0967312692692	0.000464267394612	9.9487985526e-17
184	0.0273283901762	0.0182377906627	7.95737379981e-08
185	0.0130841550463	4.33769482935e-05	4.15567386462e-16
186	0.759353007901	0.000524005237743	1.00427544464e-12
187	0.0	0.0	0.0
188	0.0	0.0	0.0
189	0.036069247394	0.000811018214189	2.23898379593e-09
190	0.0160880931035	1.42607918982e-06	4.27917297592e-12
191	0.0163713961959	7.99876077081e-07	1.12907105496e-11
192	0.644031767799	0.484045558299	0.00157345568298
193	0.0423310327497	0.000969233931618	1.60127482097e-07
194	0.879714088711	0.0303819543915	1.02980872791e-07
195	0.042845929921	1.62004613946e-05	4.13220830765e-08
196	0.00872178680596	9.26901885378e-08	3.22320326416e-22
197	0.168582022182	0.000626713441818	3.5938499332e-07
198	0.0266376403204	2.08561102773e-05	1.53666971191e-12
199	0.010197056376	1.11912517249e-07	2.17840553546e-20
200	0.0135375740354	0.000142676972551	4.79753397141e-12
201	0.0312770600777	8.48028203069e-05	1.33449573589e-07
202	0.02677400402	3.55552178595e-05	2.48577608886e-12
203	0.0102211469499	5.68622911172e-06	3.28877051494e-13
204	0.0388415119041	8.00956910057e-06	2.13620520098e-10
205	0.0351115533799	0.00117747559959	2.55048583036e-07
206	0.0214298818268	0.000605689504674	3.12097437431e-05
207	0.0397095853924	4.78936682928e-05	4.83589824051e-12
208	0.0567682153074	0.0045525478486	7.99064166431e-09
209	0.0	0.0	0.0
210	0.0	0.0	0.0
211	0.0	0.0	0.0
212	0.0	0.0	0.0
213	0.161801146919	0.562439000791	0.000208645268605
214	0.0222927642619	0.00496723430543	1.00912488414e-05
215	0.027857243008	0.000214935872483	1.00202051836e-12
216	0.0174907943579	0.000579214413924	6.53947424261e-09
217	0.070788393514	0.055456207979	4.56296132461e-07
218	0.0309832418838	0.000425229234946	3.20659994894e-10
219	0.634351089349	0.177772798507	3.16965738908e-07
220	0.83717941299	0.0100019396002	2.46839882721e-08
221	0.143598919184	0.008768932728	0.000166760046297
222	0.0	0.0	0.0
223	0.0	0.0	0.0
224	0.0	0.0	0.0
225	0.0	0.0	0.0
226	0.0	0.0	0.0
227	0.0	0.0	0.0
228	0.0	0.0	0.0
229	0.0	0.0	0.0
230	0.0	0.0	0.0
231	0.0	0.0	0.0
232	0.0	0.0	0.0
233	0.0	0.0	0.0
234	0.0	0.0	0.0
235	0.0	0.0	0.0
236	0.0	0.0	0.0
237	0.0	0.0	0.0
238	0.0	0.0	0.0
